12.500000  2.000000
11.900000  2.125000
11.300000  2.250000
10.700000  2.375000
10.100000  2.500000
9.500000  2.625000
8.900000  2.750000
8.300000  2.750000
7.700000  2.750000
7.100000  2.750000
6.500000  2.750000
5.900000  2.750000
5.300000  2.750000
4.700000  2.750000
4.100000  2.750000
3.168251  2.724444
2.300000  2.649519
1.554416  2.530330
0.982309  2.375000
0.622667  2.194114
0.500000  2.000000
0.622667  1.805886
0.982309  1.625000
1.554416  1.469670
2.300000  1.350481
3.168251  1.275556
4.100000  1.250000
4.700000  1.250000
5.300000  1.250000
5.900000  1.250000
6.500000  1.250000
7.100000  1.250000
7.700000  1.250000
8.300000  1.250000
8.900000  1.250000
9.500000  1.375000
10.100000  1.500000
10.700000  1.625000
11.300000  1.750000
11.900000  1.875000
12.500000  2.000000
