     1.000000    0.001575
     0.993138    0.003164
     0.981627    0.005797
     0.968612    0.008729
     0.954176    0.011924
     0.938528    0.015321
     0.921947    0.018848
     0.904706    0.022437
     0.887026    0.026035
     0.869065    0.029608
     0.850927    0.033132
     0.832678    0.036594
     0.814356    0.039986
     0.795988    0.043302
     0.777588    0.046540
     0.759168    0.049698
     0.740735    0.052774
     0.722293    0.055766
     0.703848    0.058673
     0.685404    0.061492
     0.666965    0.064223
     0.648534    0.066863
     0.630115    0.069409
     0.611711    0.071859
     0.593327    0.074211
     0.574966    0.076460
     0.556633    0.078604
     0.538332    0.080639
     0.520066    0.082562
     0.501842    0.084367
     0.483664    0.086050
     0.465539    0.087607
     0.447472    0.089033
     0.429471    0.090321
     0.411546    0.091467
     0.393708    0.092465
     0.375974    0.093307
     0.358364    0.093989
     0.340909    0.094503
     0.323654    0.094844
     0.306661    0.095007
     0.290023    0.094972
     0.273723    0.094668
     0.257688    0.094089
     0.241893    0.093236
     0.226336    0.092106
     0.211031    0.090701
     0.196005    0.089020
     0.181299    0.087070
     0.166964    0.084859
     0.153066    0.082401
     0.139676    0.079717
     0.126877    0.076837
     0.114749    0.073797
     0.103364    0.070640
     0.092780    0.067411
     0.083025    0.064155
     0.074105    0.060911
     0.065996    0.057711
     0.058654    0.054577
     0.052023    0.051524
     0.046040    0.048558
     0.040642    0.045681
     0.035767    0.042889
     0.031359    0.040179
     0.027370    0.037542
     0.023756    0.034972
     0.020480    0.032460
     0.017511    0.029999
     0.014823    0.027580
     0.012395    0.025198
     0.010210    0.022846
     0.008254    0.020517
     0.006517    0.018209
     0.004993    0.015916
     0.003677    0.013639
     0.002566    0.011376
     0.001658    0.009131
     0.000952    0.006907
     0.000445    0.004712
     0.000131    0.002552
     0.000004    0.000448
     0.000055   -0.001632
     0.000294   -0.003752
     0.000742   -0.005897
     0.001412   -0.008044
     0.002312   -0.010180
     0.003447   -0.012288
     0.004816   -0.014355
     0.006417   -0.016374
     0.008246   -0.018339
     0.010303   -0.020251
     0.012590   -0.022111
     0.015112   -0.023922
     0.017878   -0.025688
     0.020903   -0.027416
     0.024207   -0.029109
     0.027815   -0.030773
     0.031759   -0.032412
     0.036078   -0.034032
     0.040820   -0.035634
     0.046042   -0.037223
     0.051810   -0.038799
     0.058204   -0.040361
     0.065312   -0.041908
     0.073231   -0.043433
     0.082059   -0.044927
     0.091890   -0.046374
     0.102796   -0.047758
     0.114815   -0.049056
     0.127939   -0.050246
     0.142108   -0.051309
     0.157223   -0.052230
     0.173159   -0.053004
     0.189785   -0.053632
     0.206976   -0.054123
     0.224621   -0.054489
     0.242621   -0.054745
     0.260883   -0.054908
     0.279301   -0.054994
     0.297749   -0.055023
     0.316076   -0.054959
     0.334339   -0.054749
     0.352614   -0.054402
     0.370936   -0.053929
     0.389325   -0.053338
     0.407788   -0.052638
     0.426327   -0.051835
     0.444939   -0.050937
     0.463620   -0.049950
     0.482368   -0.048880
     0.501176   -0.047734
     0.520040   -0.046517
     0.538956   -0.045233
     0.557919   -0.043888
     0.576923   -0.042485
     0.595966   -0.041030
     0.615042   -0.039525
     0.634147   -0.037974
     0.653278   -0.036380
     0.672431   -0.034746
     0.691601   -0.033073
     0.710785   -0.031365
     0.729978   -0.029622
     0.749175   -0.027846
     0.768370   -0.026039
     0.787556   -0.024202
     0.806722   -0.022335
     0.825851   -0.020441
     0.844918   -0.018521
     0.863880   -0.016580
     0.882665   -0.014625
     0.901161   -0.012666
     0.919190   -0.010725
     0.936505   -0.008828
     0.952800   -0.007013
     0.967768   -0.005318
     0.981189   -0.003776
     0.992993   -0.002400
     1.000000   -0.001575
