     1.000000    0.001260
     0.993720    0.002138
     0.982766    0.003653
     0.969978    0.005396
     0.955649    0.007317
     0.940249    0.009346
     0.924212    0.011419
     0.907834    0.013497
     0.891280    0.015557
     0.874637    0.017589
     0.857946    0.019588
     0.841230    0.021551
     0.824497    0.023478
     0.807754    0.025368
     0.791004    0.027222
     0.774249    0.029039
     0.757491    0.030820
     0.740730    0.032562
     0.723969    0.034267
     0.707208    0.035934
     0.690449    0.037562
     0.673693    0.039150
     0.656942    0.040696
     0.640197    0.042201
     0.623458    0.043661
     0.606729    0.045077
     0.590009    0.046446
     0.573300    0.047766
     0.556605    0.049036
     0.539924    0.050253
     0.523260    0.051414
     0.506613    0.052518
     0.489987    0.053561
     0.473382    0.054540
     0.456802    0.055453
     0.440248    0.056295
     0.423723    0.057063
     0.407230    0.057753
     0.390771    0.058361
     0.374350    0.058882
     0.357972    0.059311
     0.341639    0.059644
     0.325357    0.059875
     0.309131    0.059998
     0.292968    0.060007
     0.276874    0.059894
     0.260859    0.059654
     0.244932    0.059277
     0.229106    0.058757
     0.213396    0.058083
     0.197823    0.057248
     0.182412    0.056241
     0.167196    0.055053
     0.152223    0.053675
     0.137556    0.052101
     0.123285    0.050327
     0.109528    0.048360
     0.096439    0.046216
     0.084191    0.043927
     0.072953    0.041542
     0.062848    0.039116
     0.053917    0.036701
     0.046121    0.034338
     0.039362    0.032050
     0.033509    0.029845
     0.028431    0.027721
     0.024011    0.025669
     0.020146    0.023677
     0.016754    0.021733
     0.013769    0.019823
     0.011142    0.017936
     0.008835    0.016060
     0.006819    0.014185
     0.005077    0.012303
     0.003597    0.010409
     0.002376    0.008502
     0.001412    0.006586
     0.000703    0.004670
     0.000245    0.002769
     0.000026    0.000909
     0.000026   -0.000909
     0.000245   -0.002769
     0.000703   -0.004670
     0.001412   -0.006586
     0.002376   -0.008502
     0.003597   -0.010409
     0.005077   -0.012303
     0.006819   -0.014185
     0.008835   -0.016060
     0.011142   -0.017936
     0.013769   -0.019823
     0.016753   -0.021733
     0.020146   -0.023677
     0.024011   -0.025669
     0.028431   -0.027721
     0.033509   -0.029845
     0.039362   -0.032050
     0.046121   -0.034338
     0.053917   -0.036701
     0.062847   -0.039115
     0.072953   -0.041542
     0.084191   -0.043927
     0.096439   -0.046216
     0.109528   -0.048360
     0.123285   -0.050327
     0.137556   -0.052101
     0.152223   -0.053675
     0.167196   -0.055053
     0.182412   -0.056241
     0.197823   -0.057248
     0.213396   -0.058083
     0.229106   -0.058757
     0.244931   -0.059277
     0.260858   -0.059654
     0.276874   -0.059894
     0.292968   -0.060007
     0.309131   -0.059998
     0.325357   -0.059875
     0.341639   -0.059644
     0.357972   -0.059311
     0.374350   -0.058882
     0.390771   -0.058361
     0.407229   -0.057753
     0.423723   -0.057063
     0.440248   -0.056295
     0.456802   -0.055453
     0.473382   -0.054540
     0.489987   -0.053561
     0.506613   -0.052518
     0.523260   -0.051414
     0.539924   -0.050253
     0.556605   -0.049036
     0.573300   -0.047766
     0.590009   -0.046446
     0.606729   -0.045077
     0.623458   -0.043661
     0.640197   -0.042201
     0.656942   -0.040696
     0.673693   -0.039150
     0.690449   -0.037562
     0.707208   -0.035934
     0.723969   -0.034267
     0.740730   -0.032562
     0.757491   -0.030819
     0.774249   -0.029039
     0.791004   -0.027222
     0.807754   -0.025368
     0.824497   -0.023478
     0.841230   -0.021551
     0.857946   -0.019588
     0.874637   -0.017589
     0.891280   -0.015557
     0.907834   -0.013497
     0.924213   -0.011419
     0.940249   -0.009346
     0.955649   -0.007317
     0.969978   -0.005396
     0.982766   -0.003653
     0.993720   -0.002138
     1.000000   -0.001260
